# Building ID
blid:6
# Building Type
type:6
# Actual Building dimensions
crds:-420.000000,20.000000,-380.000000,60.000000,150.000000
# Collision Detection coordinates
cldt:15.000000,26.000000,16.000000,27.000000
enbl:3553
txtr:textures/buildings/crate.tga
# txtr:22
colr:1.000000,1.000000,1.000000,1.000000
begn:8
txco:0.000000,1.000000
vrtx:-420.000000,0.000000,20.000000
txco:0.000000,0.000000
vrtx:-420.000000,40.000000,20.000000
txco:1.000000,1.000000
vrtx:-380.000000,0.000000,20.000000
txco:1.000000,0.000000
vrtx:-380.000000,40.000000,20.000000
txco:0.000000,1.000000
vrtx:-380.000000,0.000000,60.000000
txco:0.000000,0.000000
vrtx:-380.000000,40.000000,60.000000
txco:1.000000,1.000000
vrtx:-420.000000,0.000000,60.000000
txco:1.000000,0.000000
vrtx:-420.000000,40.000000,60.000000
txco:0.000000,1.000000
vrtx:-420.000000,0.000000,20.000000
txco:0.000000,0.000000
vrtx:-420.000000,40.000000,20.000000
ends
begn:7
txco:0.000000,1.000000
vrtx:-420.000000,40.000000,20.000000
txco:1.000000,1.000000
vrtx:-380.000000,40.000000,20.000000
txco:1.000000,0.000000
vrtx:-380.000000,40.000000,60.000000
txco:0.000000,0.000000
vrtx:-420.000000,40.000000,60.000000
ends
dsbl:3553
