# Building ID
blid:6
# Building Type
type:6
# Actual Building dimensions
crds:-340.000000,-500.000000,-300.000000,-460.000000,150.000000
# Collision Detection coordinates
cldt:17.000000,13.000000,18.000000,14.000000
enbl:3553
txtr:textures/buildings/crate.tga
# txtr:22
colr:1.000000,1.000000,1.000000,1.000000
begn:8
txco:0.000000,1.000000
vrtx:-340.000000,0.000000,-500.000000
txco:0.000000,0.000000
vrtx:-340.000000,40.000000,-500.000000
txco:1.000000,1.000000
vrtx:-300.000000,0.000000,-500.000000
txco:1.000000,0.000000
vrtx:-300.000000,40.000000,-500.000000
txco:0.000000,1.000000
vrtx:-300.000000,0.000000,-460.000000
txco:0.000000,0.000000
vrtx:-300.000000,40.000000,-460.000000
txco:1.000000,1.000000
vrtx:-340.000000,0.000000,-460.000000
txco:1.000000,0.000000
vrtx:-340.000000,40.000000,-460.000000
txco:0.000000,1.000000
vrtx:-340.000000,0.000000,-500.000000
txco:0.000000,0.000000
vrtx:-340.000000,40.000000,-500.000000
ends
begn:9
txco:0.000000,1.000000
vrtx:-340.000000,40.000000,-500.000000
txco:1.000000,1.000000
vrtx:-300.000000,40.000000,-500.000000
txco:1.000000,0.000000
vrtx:-300.000000,40.000000,-460.000000
txco:0.000000,0.000000
vrtx:-340.000000,40.000000,-460.000000
ends
dsbl:3553
