# Building ID
blid:3
# Building Type
type:3
# Actual Building dimensions
crds:-740.000000,-180.000000,-420.000000,20.000000,75.000000
# Collision Detection coordinates
cldt:7.000000,21.000000,15.000000,26.000000
enbl:3553
colr:1.000000,1.000000,1.000000
txtr:textures/buildings/200x200building.tga
# txtr:16
begn:8
txco:0.000000,1.000000
vrtx:-740.000000,0.000000,-180.000000
txco:0.000000,0.000000
vrtx:-740.000000,75.000000,-180.000000
txco:1.000000,1.000000
vrtx:-740.000000,0.000000,20.000000
txco:1.000000,0.000000
vrtx:-740.000000,75.000000,20.000000
txco:0.000000,1.000000
vrtx:-420.000000,0.000000,20.000000
txco:0.000000,0.000000
vrtx:-420.000000,75.000000,20.000000
txco:1.000000,1.000000
vrtx:-420.000000,0.000000,-180.000000
txco:1.000000,0.000000
vrtx:-420.000000,75.000000,-180.000000
txco:0.000000,1.000000
vrtx:-740.000000,0.000000,-180.000000
txco:0.000000,0.000000
vrtx:-740.000000,75.000000,-180.000000
ends
begn:9
txco:0.250000,1.000000
vrtx:-740.000000,75.000000,-180.000000
txco:0.250000,0.250000
vrtx:-740.000000,75.000000,20.000000
txco:0.700000,0.250000
vrtx:-420.000000,75.000000,20.000000
txco:0.700000,1.000000
vrtx:-420.000000,75.000000,-180.000000
ends
dsbl:3553
